9941,
9854,
9779,
9754,
6979,
9658,
9652,
6861,
6806,
9626,
9606,
6790,
6721,
6718,
9476,
6691,
6642,
9457,
6624,
9419,
6619,
6458,
9339,
6385,
9297,
6375,
9220,
6200,
6068,
6036,
6035,
6026,
5989,
5988,
8993,
8971,
5975,
5956,
8964,
5926,
8958,
8946,
8936,
5878,
5866,
8896,
8874,
8869,
8847,
8820,
5836,
8807,
5830,
5798,
8795,
5764,
8754,
8742,
5756,
8732,
5745,
5705,
8683,
10347,
8649,
8630,
8619,
8558,
8556,
8540,
8531,
8511,
5626,
5599,
5546,
5527,
8440,
5451,
5441,
8240,
8105,
8076,
5422,
5413,
8021,
5351,
5330,
5282,
7999,
5275,
7964,
7950,
7904,
9895,
5266,
5201,
7899,
7830,
5173,
7815,
5169,
5124,
5065,
5019,
7784,
7750,
7749,
7722,
7704,
7692,
4910,
4886,
4769,
7677,
7640,
4545,
4399,
7571,
4287,
4181,
7547,
4175,
4166,
4151,
7543,
7521,
7501,
7469,
4132,
3975,
3962,
3957,
7389,
7380,
7327,
3907,
7280,
3713,
3669,
3539,
3508,
3470,
3400,
3338,
7164,
3331,
3297,
7124,
3267,
3253,
7074,
3251,
3217,
6971,
6954,
6951,
3179,
3142,
3137,
3116,
3101,
3076,
3061,
3042,
2976,
6913,
2968,
2963,
2902,
2894,
6834,
2831,
2781,
2754,
6793,
6760,
6748,
6744,
2732,
2682,
2630,
2613,
2564,
2516,
2509,
2456,
2445,
6700,
6684,
2411,
2385,
2363,
2359,
6616,
6602,
6594,
6556,
2355,
6511,
2347,
6457,
6456,
2344,
6452,
6446,
2207,
2124,
2113,
6405,
2093,
6383,
6364,
2085,
6359,
6328,
6295,
2083,
2075,
6273,
6262,
6248,
6244,
6218,
6210,
6166,
6124,
6090,
6059,
2017,
2007,
1990,
1982,
1962,
6051,
6023,
1961,
1952,
1804,
5949,
1764,
1738,
5925,
1717,
1628,
1605,
1539,
1450,
1353,
5882,
1345,
5875,
5849,
1257,
1221,
1203,
1187,
1176,
5823,
1158,
5820,
5811,
5806,
5776,
1151,
1150,
1122,
13458,
16282,
16233,
16200,
16189,
16178,
16106,
16072,
16021,
15986,
15977,
15951,
15881,
15873,
15861,
15851,
15837,
15820,
15809,
15767,
15729,
15696,
15684,
15675,
15636,
15594,
15587,
15566,
15550,
15538,
15514,
15495,
16230,
16209,
16148,
16137,
15991,
15988,
15983,
15971,
15968,
15960,
15955,
15946,
15931,
15890,
15874,
15867,
15860,
15853,
15707,
15693,
15682,
15671,
15614,
15509,
15138,
15054,
14814,
14668,
14643,
15647,
15634,
15631,
14575,
14526,
14510,
14450,
14326,
14259,
14189,
14159,
14118,
14085,
14079,
14030,
14011,
13885,
13768,
13720,
13688,
13658,
13632,
13630,
13581,
13551,
13530,
13528,
13410,
13367,
13335,
15598,
15576,
15572,
15565,
13242,
15548,
13228,
13205,
13130,
13073,
13000,
12971,
15524,
15520,
15506,
12962,
12957,
12920,
12910,
12887,
12780,
12665,
12649,
12616,
12382,
12015,
11918,
11758,
11567,
11436,
11346,
11294,
11275,
11220,
11058,
10910,
10901,
10876,
10703,
10696,
10653,
10594,
10551,
10534,
10408,
10383,
10260,
10113,
10073,
10041,
10039,
10014,
15454,
15337,
15201,
15159,
15146,
15105,
9956,
15099,
15076,
15017,
14884,
14762,
14677,
14665,
9924,
14650,
9636,
9615,
14612,
14523,
14477,
14418,
14315,
14271,
14247,
9555,
14228,
14212,
14183,
14179,
14145,
9472,
9431,
13956,
13903,
13879,
13843,
13756,
13573,
9356,
13331,
13312,
13257,
9013,
13168,
8998,
8845,
13138,
8801,
8715,
8698,
12951,
12836,
12789,
12740,
12728,
8691,
8621,
8536,
8530,
12664,
8505,
12653,
8458,
8444,
12486,
12219,
11855,
11776,
8375,
11774,
11673,
8352,
8327,
8296,
8051,
11662,
7972,
7961,
7803,
7793,
11526,
7689,
11315,
11289,
11266,
11246,
11085,
11008,
7685,
7625,
10712,
10675,
10663,
10659,
7616,
10648,
10645,
10595,
10584,
10413,
7522,
7480,
7449,
10359,
7428,
7374,
7329,
7209,
10325,
10218,
7203,
7185,
10103,
7149,
10084,
7148,
9958,
7081,
7010